335012359		260	0	1	0	803	0	214	0	3	0	21	0	0
280145981		260	0	1	0	673	0	180	0	3	0	20	0	0
226258216		260	0	1	0	550	0	144	0	3	0	20	0	0
168368285		260	0	1	0	415	0	107	0	3	0	20	0	0
111659661		260	0	1	0	281	0	70	0	3	0	20	0	0
57676723		260	0	1	0	157	0	36	0	3	0	20	0	0
335012359		260	1	1	0	2391	0	1954	11	0	0	0	11	0
280145981		260	1	1	0	2002	0	1657	11	0	0	0	10	0
226258216		260	1	1	0	1617	0	1347	10	0	0	0	11	0
168368285		260	1	1	0	1207	0	999	11	0	0	0	11	0
111659661		260	1	1	0	800	0	653	11	0	0	0	11	0
57676723		260	1	1	0	424	0	339	10	0	0	0	12	0
335012359       260 2   3   0   1422    0   1017    11  6   0   20  10  0   0
280145981       260 2   3   0   1217    0   850 12  6   0   22  9   0   0
226258216       260 2   2   0   992 0   683 12  6   0   21  10  0   0
168368285       260 2   2   0   735 0   504 11  6   0   21  9   0   0
111659661       260 2   1   0   506 0   335 11  5   0   21  10  0   0
57676723        260 2   1   0   286 0   171 11  5   0   21  10  0   0
335012359		260	3	256	0	134292	0	134176	0	0	0	0	116	0
280145981		260	3	256	0	124526	0	124410	0	0	0	0	116	0
226258216		260	3	256	0	89946	0	89830	0	0	0	0	116	0
168368285		260	3	256	0	67432	0	67316	0	0	0	0	116	0
111659661		260	3	256	0	44245	0	44129	0	0	0	0	116	0
57676723		260	3	256	0	23166	0	23050	0	0	0	0	116	0
335012359       260 3   1024    0   129418  0   127267  0   0   0   0   2151    0
280145981		260	3	1024	0	108444	0	106293	0	0	0	0	2151	0
226258216		260	3	1024	0	87226	0	85075	0	0	0	0	2151	0
168368285		260	3	1024	0	66037	0	63886	0	0	0	0	2151	0
111659661		260	3	1024	0	44729	0	42578	0	0	0	0	2151	0
57676723		260	3	1024	0	26550	0	24399	0	0	0	0	2151	0
335012359		260	3	4096	0	162079	0	130219	0	0	0	0	31860	0
280145981		260	3	4096	0	141681	0	109821	0	0	0	0	31860	0
226258216		260	3	4096	0	123907	0	92047	0	0	0	0	31860	0
168368285		260	3	4096	0	98286	0	66426	0	0	0	0	31860	0
111659661		260	3	4096	0	79223	0	47363	0	0	0	0	31860	0
57676723		260	3	4096	0	55771	0	23911	0	0	0	0	31860	0
335012359		260	4	4096	0	39240	0	30298	0	0	0	0	8942	0
280145981		260	4	4096	0	34065	0	25123	0	0	0	0	8942	0
226258216		260	4	4096	0	29172	0	20230	0	0	0	0	8942	0
168368285		260	4	4096	0	24048	0	15106	0	0	0	0	8942	0
111659661		260	4	4096	0	18862	0	9920	0	0	0	0	8942	0
57676723		260	4	4096	0	14063	0	5121	0	0	0	0	8942	0
335012359		260	4	1024	0	30755	0	30186	0	0	0	0	569	0
280145981		260	4	1024	0	25786	0	25217	0	0	0	0	569	0
226258216		260	4	1024	0	20759	0	20190	0	0	0	0	569	0
168368285		260	4	1024	0	15587	0	15018	0	0	0	0	569	0
111659661		260	4	1024	0	10517	0	9948	0	0	0	0	569	0
57676723		260	4	1024	0	5734	0	5165	0	0	0	0	569	0
