599393355		128	0	2	0	1288	0	386	0	16	0	1	0	0
599393355		256	0	2	0	907	0	382	0	18	0	2	0	0
599393355		512	0	2	0	1074	0	386	0	18	0	4	0	0
599393355		1024	0	2	0	1307	0	386	0	18	0	8	0	0
599393355		2048	0	2	0	1328	0	386	0	18	0	16	0	0
599393355		4096	0	2	0	1293	0	388	0	20	0	33	0	0
599393355		8192	0	2	0	1380	0	384	0	20	0	67	0	0
599393355		16384	0	2	0	1424	0	389	1	24	0	134	0	0
599393355		32768	0	2	0	1683	0	387	2	49	0	271	0	0
599393355		65536	0	2	0	2046	0	390	3	100	0	573	0	0
599393355		128	1	2	0	1883	0	801	25	0	0	0	44	0
599393355		256	1	2	0	1726	0	687	21	0	0	0	34	0
599393355		512	1	2	0	2037	0	1010	22	0	0	0	18	0
599393355		1024	1	2	0	1858	0	890	27	0	0	0	14	0
599393355		2048	1	2	0	2024	0	1007	23	0	0	0	11	0
599393355		4096	1	2	0	2159	0	1119	23	0	0	0	9	0
599393355		8192	1	2	0	2284	0	1251	24	0	0	0	8	0
599393355		16384	1	2	0	2692	0	1667	28	0	0	0	10	0
599393355		32768	1	2	0	3940	0	3002	53	0	0	0	15	0
599393355       65536   1   3   0   6594    0   5789    106 0   0   0   27  0   0
599393355		128	2	6	0	1606	0	738	24	13	0	1	43	0	0
599393355		256	2	6	0	1240	0	697	21	13	0	2	33	0	0
599393355		512	2	6	0	1441	0	825	22	14	0	4	18	0	0
599393355		1024	2	6	0	1363	0	814	23	14	0	8	13	0	0
599393355		2048	2	6	0	1688	0	897	25	16	0	17	10	0	0
599393355		4096	2	6	0	1629	0	1023	27	18	0	33	8	0	0
599393355		8192	2	6	0	1820	0	1159	28	21	0	67	7	0	0
599393355		16384	2	6	0	2145	0	1421	31	27	0	135	9	0	0
599393355		32768	2	6	0	3351	0	2416	63	60	0	277	14	0	0
599393355		65536	2	6	0	6158	0	4749	112	122	0	551	33	0	0
599393355		128	4	1024	0	26717	0	25874	0	0	0	0	843	0
599393355		256	4	1024	0	25162	0	24232	0	0	0	0	930	0
599393355		512	4	1024	0	25933	0	24994	0	0	0	0	939	0
599393355		1024	4	1024	0	25588	0	24627	0	0	0	0	961	0
599393355		2048	4	1024	0	26576	0	25553	0	0	0	0	1023	0
599393355		4096	4	1024	0	27741	0	26590	0	0	0	0	1151	0
599393355		8192	4	1024	0	28950	0	27579	0	0	0	0	1371	0
599393355		16384	4	1024	0	31608	0	30042	0	0	0	0	1566	0
599393355		32768	4	1024	0	46449	0	42306	0	0	0	0	4143	0
599393355		65536	4	1024	0	90240	0	82554	0	0	0	0	7686	0
