226258216		260	0	1	0	319	0	148	0	3	0	19	0	0	10
226258216		260	0	2	1	463	0	212	0	6	0	20	0	0	10
226258216       260 0   2   2   606 0   283 0   6   0   20  0   0   10
226258216		260	0	2	3	745	0	354	0	6	0	19	0	0	10
226258216		260	1	1	0	1299	0	1127	11	0	0	0	11	0	0
226258216		260	1	2	1	1352	0	1102	10	0	0	0	10	0	0
226258216		260	1	2	2	1276	0	958	11	0	0	0	10	0	0
226258216		260	1	2	3	1385	0	991	10	0	0	0	10	0	0
226258216		260	2	1	0	799	0	595	11	6	0	20	10	0	0
226258216		260	2	2	1	836	0	556	10	6	0	20	10	0	0
226258216		260	2	2	2	802	0	437	11	6	0	20	11	0	0
226258216		260	2	2	3	905	0	482	10	6	0	20	10	0	0
