2278161303		3945	0	7	0	29329	0	3098	3	42	0	654	0	0	1000
2227606754		3945	0	7	0	29032	0	3044	3	42	0	612	0	0	1000
2170878161		3945	0	7	0	28457	0	2967	3	42	0	642	0	0	1000
1789183173		3945	0	6	0	26471	0	2462	3	36	0	666	0	0	1000
1157160030		3945	0	4	0	24767	0	1545	4	24	0	702	0	0	1000
2278161303		3945	1	18	0	57713	0	31248	25	0	0	0	15	0	0
2227606754		3945	1	17	0	56441	0	30697	24	0	0	0	12	0	0
2170878161		3945	1	17	0	53671	0	29792	24	0	0	0	10	0	0
1789183173		3945	1	14	0	47405	0	24561	26	0	0	0	10	0	0
1157160030		3945	1	9	0	37999	0	15933	25	0	0	0	10	0	0
2278161303		3945	2	18	0	41203	0	14309	31	11	0	656	15	0	0
2227606754		3945	2	17	0	41211	0	13927	29	11	0	698	18	0	0
2170878161		3945	2	17	0	39565	0	13442	29	11	0	666	15	0	0
1789183173		3945	2	14	0	34468	0	11079	30	11	0	616	15	0	0
1157160030		3945	2	9	0	29920	0	7175	28	11	0	670	15	0	0
2278161303		3945	3	256	0	2551681	0	2551412	0	0	0	0	269	0
2227606754		3945	3	256	0	2488925	0	2488656	0	0	0	0	269	0
2278161303      3945    3   1024    0   1735078 0   1731915 0   0   0   0   3163    0
2227606754		3945	3	1024	0	1691345	0	1688182	0	0	0	0	3163	0
2170878161		3945	3	1024	0	1737755	0	1734592	0	0	0	0	3163	0
1789183173		3945	3	1024	0	1377190	0	1374027	0	0	0	0	3163	0
1157160030		3945	3	1024	0	896423	0	893260	0	0	0	0	3163	0
2278161303      3945    3   4096    0   1615028 0   1577973 0   0   0   0   37055   0
2227606754      3945    3   4096    0   1579066 0   1542011 0   0   0   0   37055   0
2170878161      3945    3   4096    0   1546842 0   1509787 0   0   0   0   37055   0
1789183173      3945    3   4096    0   1283854 0   1246799 0   0   0   0   37055   0
1157160030		3945	3	4096	0	848320	0	811265	0	0	0	0	37055	0
2278161303		3945	4	4096	0	427314	0	403969	0	0	0	0	23345	0
2227606754		3945	4	4096	0	419278	0	395933	0	0	0	0	23345	0
2170878161		3945	4	4096	0	410136	0	386791	0	0	0	0	23345	0
1789183173		3945	4	4096	0	345978	0	322633	0	0	0	0	23345	0
1157160030		3945	4	4096	0	238531	0	215186	0	0	0	0	23345	0
2278161303		3945	4	1024	0	448279	0	446737	0	0	0	0	1542	0
2227606754		3945	4	1024	0	443219	0	441677	0	0	0	0	1542	0
2170878161		3945	4	1024	0	425562	0	424020	0	0	0	0	1542	0
1789183173		3945	4	1024	0	355811	0	354269	0	0	0	0	1542	0
1157160030      3945    4   1024    0   238835  0   237293  0   0   0   0   1542    0
